"Date","MaxT","MinT","Precip","Snow"
NA,34.5,-2.6,NA,NA
NA,39.5,4.7,0.57,16.4
NA,44.5,18.8,0.03,2.5
NA,59.7,24.6,NA,NA
NA,66.5,33.1,1,NA
NA,77,40.4,0.6,0
NA,89,52,0.12,0
NA,82.2,49.2,1.59,0
NA,70.9,37.7,2.41,0
NA,66.9,29.9,0.62,0
NA,42.5,20.1,1.72,0.3
NA,34.3,9.2,0.14,3.8
NA,19.5,-8.1,0.3,0.2
NA,27.8,-0.5,0.6,4.7
NA,51.2,20.4,0.01,0
NA,57.9,30.2,0.44,2
NA,70,34.5,0.03,0
NA,78.2,39.1,0.44,0
NA,82,46.7,1.33,0
NA,78.7,42.9,0.39,0
NA,71.5,37,0.91,0
NA,58.6,28.8,4.39,2
NA,46.9,21.4,0.67,5.2
NA,26.7,1.6,0.2,4.1
NA,30,6.1,1.43,14
NA,33.3,6.3,0.9,7.5
NA,42.8,17.1,0.21,2.1
NA,57.8,22.3,0.07,NA
NA,66.6,35.2,0.29,0
NA,75,38.9,0.28,0
NA,86.7,45.8,0.66,0
NA,79.4,46.3,2.01,0
NA,73.8,39.1,1.39,0
NA,62.8,31.9,1.19,0
NA,47.6,19.7,0.44,5.5
NA,21.8,-2.7,1.15,20.6
NA,22.5,-5.7,1.19,15.9
NA,24.9,-6.6,0.47,8.1
NA,41.6,15.5,0.42,5.8
NA,60.6,24.8,0.36,1
NA,71.1,32.5,0.46,0
NA,80.9,39.8,0,0
NA,84.3,50,1.37,0
NA,79.8,48.5,1.26,0
NA,68.1,35.3,1.21,0
NA,56,29.7,1.93,1
NA,44.8,16.4,0.7,6.7
NA,34,10.5,0.28,6.1
NA,28.5,-3.6,0.29,6.4
NA,38.9,11.9,0.68,7
NA,50.6,18.9,0.16,1
NA,58.6,27.1,0.94,1.1
NA,67.2,33.5,0.85,0
NA,80.5,40.2,0.36,0
NA,85.4,50.5,1.72,0
NA,83,50.2,1.33,0
NA,74.6,40.3,1.38,0
NA,61.7,27.9,0.7,0.6
NA,51.6,16.2,0.05,0.1
NA,22.5,3,2.92,17.3
NA,13.4,-11.8,2.8,32.9
NA,24.4,-1.5,0.98,25.9
NA,33.6,4,1.03,9.5
NA,50.2,21.1,0.59,4.1
NA,65,31.2,0.6,NA
NA,77,38.3,0.19,0
NA,83.4,46.7,1.22,0
NA,81.8,46.6,0.75,0
NA,73.6,36.7,1.7,0
NA,62.9,27.2,0.16,0
NA,47.5,20.8,0.4,4.2
NA,28.5,9.2,1.8,32.8
NA,25.8,3.7,0.27,2.9
NA,33.4,8.7,0.6,8
NA,46.1,18.1,0.72,10
NA,54.8,25.5,0.87,12
NA,69.8,39,1.22,0
NA,72.3,41,1.08,0
NA,83,44.9,0.84,0
NA,81,41.8,0.49,0
NA,74.8,37.3,0.21,0
NA,55.5,26.1,0.71,0
NA,48.3,14.8,0.13,0.9
NA,24.6,-1.8,0.64,11.5
NA,28.2,-2.2,0.22,4.8
NA,28.8,1.2,0.83,3.7
NA,41.3,8.7,0.6,6.1
NA,58.1,25.1,0.91,4.5
NA,65,30.9,0.45,NA
NA,78.8,39.9,0.24,0
NA,86,47.8,0.36,0
NA,79.3,46.6,2.19,0
NA,76.9,35.8,0.8,0
NA,61.9,30.8,0.79,1
NA,42.2,14.1,0.21,3.1
NA,38.3,17.5,0.55,0.6
NA,23.3,-3.5,0.47,9.1
NA,29,0,0.58,9.2
NA,43,16.3,1.41,14.9
NA,55.4,25.2,0.93,1.9
NA,61.8,30.1,0.84,1.5
NA,79.1,38.1,0.09,0
NA,85,48.4,1.26,NA
NA,84.4,47.5,0.75,NA
NA,73.3,38.7,0.48,0
NA,61.2,27,0.73,0.2
NA,46.8,14.6,0.21,2.1
NA,33.4,3.5,0.58,2.8
NA,35.6,2.6,1.28,11.6
NA,32.9,3.9,1.88,11.2
NA,51.5,13.3,1.17,1.8
NA,63.3,26,0.21,1.1
NA,71.2,31.9,0.34,0
NA,NA,NA,NA,NA
NA,84.3,48.4,1.13,0
NA,84,46.5,0.88,0
NA,72.9,36.4,1.24,NA
NA,62.1,26,0.14,0.5
NA,50.5,13.6,0.21,0.7
NA,29.6,4.1,0.82,11.6
NA,18.4,-11.7,0.92,8.3
NA,27.4,-5.2,0.48,5.1
NA,43.1,11.7,0.26,3.3
NA,53.1,23.8,0.62,5.3
NA,65.3,31.6,0.74,NA
NA,81.4,38.8,0.04,NA
NA,84.3,50.8,1.55,0
NA,79.7,46.8,1.43,0
NA,72.5,41.6,2.93,0
NA,55.8,25.3,0.29,0
NA,44.8,18.2,0.32,2.2
NA,22.3,-2.8,0.64,7.1
NA,29.2,-0.5,0.57,6.4
NA,31.4,7.8,1.41,13
NA,42.6,15.4,0.16,2
NA,54.4,23.9,NA,NA
NA,63.7,31.8,0.24,0
NA,76.7,37,0,0
NA,83.4,46.9,0.38,0
NA,77.4,45.3,1.24,0
NA,74.1,40.5,0.97,0
NA,61.5,29.2,NA,0
NA,43.4,15.7,0.68,7.1
NA,31.1,11,0.44,4.6
NA,23.7,-1.6,0.24,2.3
NA,37.7,11.5,0.7,7.5
NA,49,17.2,0.2,8
NA,57,23,0.15,5.1
NA,61.2,34.1,0.85,0
NA,78.3,40.8,0.25,0
NA,77.6,46.3,0.45,0
NA,79.6,46.3,0.53,0
NA,74.3,38.5,0.4,0
NA,63.3,33.3,1.1,0
NA,43.6,17.6,0.36,3.5
NA,27.3,5.6,1.03,15.9
NA,15.6,-5.4,0.63,9
NA,24.3,-2,0.13,2
NA,46.8,20.2,0.31,6.8
NA,56.1,25.3,0.45,2
NA,NA,NA,NA,NA
NA,81.7,40.2,0.06,0
NA,81.3,44.3,0.14,0
NA,76.3,44.9,2.09,0
NA,71.6,37.1,0,0
NA,64.2,28.2,NA,NA
NA,NA,NA,NA,NA
NA,27.6,3.9,1.44,13.2
NA,NA,NA,NA,NA
NA,34.5,13.5,0.68,2.8
NA,45.7,18.7,0.29,1
NA,55.8,24.3,0.26,0.2
NA,65.4,30.5,1.02,1.5
NA,80.6,39.4,0.05,NA
NA,83.5,47.6,1.32,NA
NA,79.4,44.4,1.89,NA
NA,74,37.7,0.69,NA
NA,63.3,27.7,0.67,0
NA,51.2,22.2,0.66,0.6
NA,41.2,9,0.32,2.9
NA,34.9,4.5,0.49,6.6
NA,38.2,13.1,1.2,13
NA,47.7,16.8,0.08,0
NA,57.9,26.6,0.22,0.5
NA,70,32,0.16,0
NA,82.1,40.7,0.3,0
NA,87.2,49,0.52,0
NA,83,44.8,0.45,0
NA,75.9,37.8,0.29,0
NA,58.2,28.3,0.9,1
NA,39.6,9.1,0.2,3.5
NA,25.1,-2.4,0.73,14.6
NA,22.9,-4.5,0.84,21.9
NA,21.1,-5.5,1.07,10.2
NA,36.3,14.5,1.92,4.9
NA,55.6,25.9,0.72,0
NA,59.8,30.5,0.68,1
NA,74.2,38.6,0.29,0
NA,83.3,45.5,0.66,0
NA,83,44.6,0.1,0
NA,76.6,37.3,0.21,0
NA,57.4,19.3,0.67,7.1
NA,46,13.4,0.35,4.5
NA,25.5,3.3,0.84,16
NA,24.4,-0.4,1.12,13.2
NA,31.3,3.8,0.4,3.9
NA,46.4,19.8,0.47,5
NA,58.5,24.3,0.11,0.5
NA,72.1,32.4,0.28,0
NA,80.5,41,0.09,0
NA,83.6,46.2,1.04,0
NA,86.6,46,0.53,0
NA,74.3,36,0.88,2
NA,65.5,26.1,0.3,4
NA,45.8,17.9,0.9,4.1
NA,25.8,0.1,1.03,15
NA,26.2,-1.5,0.57,8.5
NA,32.8,7,0.93,10
NA,43.5,16.1,0.91,7
NA,58,24.2,0.23,0
NA,67.7,32.4,0.55,0
NA,83,41.1,0.28,0
NA,86.3,50.1,0.61,0
NA,82,44.4,0.41,0
NA,77.7,38,0.8,0
NA,58.8,28.1,0.68,0.1
NA,52,17.6,0.02,0
NA,32.3,8.4,0.9,8.3
